start=1403.193000
border=no
aid=2
sub-delay=1.467000
