start=1343.050000
border=no
aid=2
sub-delay=1.370000
