start=1355.980000
border=no
aid=2
sub-delay=1.168000
