start=1344.134000
border=no
aid=2
sub-delay=1.044000
