start=210.710500
border=no
sid=2
sub-delay=0.346000
