start=1345.302000
fullscreen=yes
border=no
aid=2
sid=3
sub-delay=1.370004
