start=1343.384000
fullscreen=yes
border=no
aid=2
sub-delay=1.195000
