start=1308.015000
border=no
aid=2
sub-delay=1.453000
