start=1400.566000
fullscreen=yes
border=no
aid=2
sub-delay=1.260000
