start=7983.058000
volume=102.000000
border=no
sid=3
