start=1411.410000
border=no
aid=2
sub-delay=0.914000
