start=1418.918000
border=no
aid=2
sub-delay=2.309000
