start=1371.161000
volume=94.000000
border=no
aid=2
sub-delay=0.820000
