start=1346.011000
border=no
aid=2
sub-delay=0.885999
