start=1347.721000
fullscreen=yes
border=no
aid=2
sub-delay=2.142000
