start=1350.766000
border=no
aid=2
sub-delay=2.438000
